21
Nova Cruz
Santo Antônio
Monte Alegre
Passa e Fica
Brejinho
Serra S. Bento
Lagoa Danta
Serrinha
Lagoa d. Pedras
Passagem
Jundiá
Várzea
Montanhas
Pedro Velho
Espiríto Santo
Arêz
Goianinha
Tibau do Sul
Canguaretama
Vila Flor
Baía Formosa
0.00;20.60;99999.99;26.10;99999.99;99999.99;22.40;99999.99;99999.99;99999.99;99999.99;27.30;99999.99;99999.99;99999.99;99999.99;99999.99;99999.99;99999.99;99999.99;99999.99
20.60;0.00;99999.99;32.20;19.50;99999.99;18.70;4.50;99999.99;13.70;22.10;13.90;39.00;99999.99;19.70;99999.99;99999.99;99999.99;99999.99;99999.99;99999.99
99999.99;99999.99;0.00;99999.99;16.30;99999.99;99999.99;99999.99;17.70;99999.99;99999.99;99999.99;99999.99;99999.99;99999.99;29.90;34.40;99999.99;99999.99;99999.99;99999.99
26.10;32.20;99999.99;0.00;99999.99;9.80;9.10;99999.99;99999.99;99999.99;99999.99;99999.99;99999.99;99999.99;99999.99;99999.99;99999.99;99999.99;99999.99;99999.99;99999.99
99999.99;19.50;16.30;99999.99;0.00;99999.99;99999.99;99999.99;12.50;13.10;11.70;22.90;99999.99;99999.99;20.30;25.60;24.50;99999.99;99999.99;99999.99;99999.99
99999.99;99999.99;99999.99;9.80;99999.99;0.00;99999.99;99999.99;99999.99;99999.99;99999.99;99999.99;99999.99;99999.99;99999.99;99999.99;99999.99;99999.99;99999.99;99999.99;99999.99
22.40;18.70;99999.99;9.10;99999.99;99999.99;0.00;99999.99;99999.99;99999.99;99999.99;99999.99;99999.99;99999.99;99999.99;99999.99;99999.99;99999.99;99999.99;99999.99;99999.99
99999.99;4.50;99999.99;99999.99;99999.99;99999.99;99999.99;0.00;17.80;99999.99;99999.99;99999.99;99999.99;99999.99;99999.99;99999.99;99999.99;99999.99;99999.99;99999.99;99999.99
99999.99;99999.99;17.70;99999.99;12.50;99999.99;99999.99;17.80;0.00;20.80;22.20;99999.99;99999.99;99999.99;99999.99;99999.99;99999.99;99999.99;99999.99;99999.99;99999.99
99999.99;13.70;99999.99;99999.99;13.10;99999.99;99999.99;99999.99;20.80;0.00;6.00;9.90;34.30;32.90;15.40;99999.99;99999.99;99999.99;99999.99;99999.99;99999.99
99999.99;22.10;99999.99;99999.99;11.70;99999.99;99999.99;99999.99;22.20;6.00;0.00;11.60;99999.99;99999.99;8.60;99999.99;19.10;99999.99;99999.99;99999.99;99999.99
27.30;13.90;99999.99;99999.99;22.90;99999.99;99999.99;99999.99;99999.99;9.90;11.60;0.00;22.60;99999.99;9.30;99999.99;99999.99;99999.99;99999.99;99999.99;99999.99
99999.99;39.00;99999.99;99999.99;99999.99;99999.99;99999.99;99999.99;99999.99;34.30;99999.99;22.60;0.00;10.00;99999.99;99999.99;99999.99;99999.99;99999.99;99999.99;99999.99
99999.99;99999.99;99999.99;99999.99;99999.99;99999.99;99999.99;99999.99;99999.99;32.90;99999.99;99999.99;10.00;0.00;17.90;99999.99;99999.99;99999.99;13.10;99999.99;99999.99
99999.99;19.70;99999.99;99999.99;20.30;99999.99;99999.99;99999.99;99999.99;15.40;8.60;9.30;99999.99;17.90;0.00;99999.99;16.80;99999.99;99999.99;99999.99;99999.99
99999.99;99999.99;29.90;99999.99;25.60;99999.99;99999.99;99999.99;99999.99;99999.99;99999.99;99999.99;99999.99;99999.99;99999.99;0.00;12.60;99999.99;99999.99;99999.99;99999.99
99999.99;99999.99;34.40;99999.99;24.50;99999.99;99999.99;99999.99;99999.99;99999.99;19.10;99999.99;99999.99;99999.99;16.80;12.60;0.00;19.10;16.30;19.30;99999.99
99999.99;99999.99;99999.99;99999.99;99999.99;99999.99;99999.99;99999.99;99999.99;99999.99;99999.99;99999.99;99999.99;99999.99;99999.99;99999.99;19.10;0.00;99999.99;20.70;99999.99
99999.99;99999.99;99999.99;99999.99;99999.99;99999.99;99999.99;99999.99;99999.99;99999.99;99999.99;99999.99;99999.99;13.10;99999.99;99999.99;16.30;99999.99;0.00;10.40;24.20
99999.99;99999.99;99999.99;99999.99;99999.99;99999.99;99999.99;99999.99;99999.99;99999.99;99999.99;99999.99;99999.99;99999.99;99999.99;99999.99;19.30;20.70;10.40;0.00;99999.99
99999.99;99999.99;99999.99;99999.99;99999.99;99999.99;99999.99;99999.99;99999.99;99999.99;99999.99;99999.99;99999.99;99999.99;99999.99;99999.99;99999.99;99999.99;24.20;99999.99;0.00
